run                           MB total   B/msg    msg   whole   stub   zeros avg entry copies pushed/s  push p50/p99 ms  e2e p99 fsync ms
q100-r5k-copies                  577.0    3077    155    2484      0     438     12718   35.5     5000   122.4/224.3       374.8     36.4
q100-r5k-copies-np               448.1    2390    155    2235      0       0     11290   32.5     5004   109.1/171.0       321.5     30.0
q100-r5k-stub                    114.7     612    155      69     11     376      4894   14.1     4996    92.7/209.9       337.9     29.2
q100-r5k-stub-np                  44.2     236    155      69     11       0      6194   17.8     5002   107.0/177.2       333.8     28.5
q1000-push-r5k-stub-pm0         1052.1    5611    155      55      4    5397      1598    3.1     5002    29.8/66.0          0.0     12.1
q1000-push-r5k-stub-pm64          40.2     214    156      54      4       0      1651    3.2     4998    32.1/53.5          0.0     11.6
q1000-r10k-copies              10852.7   44065    155   43905      0       4    312564  695.6     4717  9371.6/17432.6   17694.7      0.0
q1000-r10k-stub                 1069.0    2897    155      60      9    2673     93799  221.5     9955  2867.2/4227.1     6914.0    299.5
q1000-r20k-stub-pm64              50.1     219    155      56      7       0     11731   25.0     3983 12648.4/29229.1   15925.2      0.0
q1000-r5k-copies                1139.1    6081    155    5471      0     455     26567   75.6     4911   124.4/1384.4     2408.4     39.3
q1000-r5k-copies-np-1           2780.2   14906    155   14750      0       0     73008  188.9     4795   544.8/2310.1     3784.7     74.3
q1000-r5k-copies-np-2           5020.3   26773    156   26618      0       0    139027  341.0     4823  1433.6/2342.9     3883.0     82.2
q1000-r5k-copies-pm64           3877.2   20678    155   20523      0       0    108600  259.7     4539  1011.7/4751.4     5931.0     79.7
q1000-r5k-copies-restart        4714.2   25909    155   25754      0       0    135530  320.4     4691  1564.7/2670.6     4292.6     95.5
q1000-r5k-stub                  1057.6    5695    155      70     12    5459     36156  100.8     4943  1417.2/2310.1     4014.1    222.6
q1000-r5k-stub-np-1               44.2     236    155      70     11       0     15300   42.4     4810  1335.3/2310.1     3948.5     79.6
q1000-r5k-stub-np-2               43.9     236    155      69     11       0     14052   38.2     4685  1466.4/2900.0     4816.9     76.1
q1000-r5k-stub-pm64               44.0     237    155      70     11       0     16195   44.4     4930  1417.2/2572.3     4177.9     84.7
q1000-r5k-stub-restart            44.2     236    155      69     11       0     16908   45.6     4883  1466.4/2637.8     4554.8     93.0
q1p1000-r5k-copies                44.7     238    155      75      0       8       760    1.0     5001     8.4/14.8         59.6      3.9
q1p1000-r5k-stub                  44.7     238    155      74      0       9       845    1.0     5000     9.5/31.9         80.4      4.3
q2000-idle-stub-pm0             2099.2 2099219665      0  722844 232654 2098200135      3785   21.0        0     0.0/0.0           0.0     61.4
q2000-idle-stub-pm64               1.0 1019530      0  722844 232654       0      3785   21.0        0     0.0/0.0           0.0     39.2
smoke-q100-copies                242.3    2154    155    1283      0     716      6404   18.2     4975    84.5/175.1       317.4     23.6
